*begin "version 2019.1.0.20  4-25-2020  21:50:58"
*menufilterset "*"
*menufilterdisable 
*viewset 1 0 0 0 0 1 0 0 0 0 1 0 0 0 0 1 0 0 10 10
*readfile "C:\\Users\\raghe\\Google Drive (s265776polito@gmail.com)\\M2\\Spring\\Car Body Design & Aerodynamics\\Car Body Design\\Exercise\\Exercise 2\\CoLoHYP.hm"
*setgeomrefinelevel 1
*menufont 2
*ME_CoreBehaviorAdjust "allowable_actions_policy=TC_lite"
*settopologydisplaymode 0
*settopologydisplaymode 0
*settopologydisplaymode 0
*settopologydisplaymode 0
*settopologydisplaymode 0
*settopologydisplaymode 0
*settopologydisplaymode 0
*settopologydisplaymode 0
*settopologydisplaymode 0
*createmark collections 1
*clearmark collections 1
*createmark collections 2
*clearmark collections 2
*createmark controllers 1
*clearmark controllers 1
*loaddefaultattributevaluesfromxml 
*settopologydisplaymode 0
*setsubmodeltype "includes"
*ME_CoreBehaviorAdjust "allowable_actions_policy=TC_lite"
*elementchecksettings 6 0 0 1 1 6 0 6 0 6 6 6 0 0 0 0 0 0 0 0 0 0 0
*entitybundleregister "__AUTOCONTACT_PREVIEW_BUNDLE_OPTISTRUCT" "groups groups contactsurfs contactsurfs sets sets" 0
*templatefileset "C:/Program Files/Altair/2019/templates/feoutput/optistruct/optistruct"
*setmacrofile "C:/Program Files/Altair/2019/hm/scripts/UserProfiles/../optistruct/opti.mac"
*enablemacromenu 1
*createmark collections 1
*clearmark collections 1
*createmark collections 2
*clearmark collections 2
*createmark controllers 1
*clearmark controllers 1
*loaddefaultattributevaluesfromxml 
*viewset 0.70883265 0.47260384 -0.523642898 0 -0.250181236 0.862540698 0.439810065 0 0.659519237 -0.180746107 0.729633621 0 564.104174 -480.787359 302.705574 1 -679.065047 -80.4573543 3179.06505 1680.02178
*window 2 2 0 0 0
*window 2 2 0 0 0
*view "top"
hm_answernext yes
*deletemodel 
*start_batch_import 3
*setgeomrefinelevel 1
*geomimport "auto_detect" "C:/Users/raghe/Google Drive (s265776polito@gmail.com)/M2/Spring/Car Body Design & Aerodynamics/Car Body Design/Exercise/Exercise 2/CrossCLongC.SLDPRT" "CleanupTol=-0.01" "CreationType=Parts" "DoNotMergeEdges=off" "ImportBlanked=off" "SplitComponents=Part" "TargetUnits=CAD units"
*end_batch_import 
*viewset 0.156228387 -0.228921338 -0.960826578 0 -0.530724536 0.800957186 -0.277126419 0 0.833021103 0.553229253 0.00363807855 0 1.43668372 0.433825407 1.37421266 1 -0.175500006 -0.0800000012 2.57450009 1.68000003
*view "rear"
*window 2 2 0 0 0
*window 3 -0.144832955 -0.0904584541 0.22540253 0.0784813765
*window 3 0.000186615823 0.0174826936 0.0559834863 0.0429430134
# Session ended at "4-25-2020  21:53:51"
return; # Stop script and return to application 
# *quit 1; # Uncomment to exit application
*begin "version 2019.1.0.20  4-26-2020  12:22:14"
*templatefileset "C:/Program Files/Altair/2019/templates/feoutput/optistruct/optistruct"
*menufilterset "*"
*menufilterdisable 
*viewset 1 0 0 0 0 1 0 0 0 0 1 0 0 0 0 1 0 0 10 10
*readfile "C:\\Users\\raghe\\Google Drive (s265776polito@gmail.com)\\M2\\Spring\\Car Body Design & Aerodynamics\\Car Body Design\\Exercise\\Exercise 2\\CoLo\\CoLoHYP.hm"
*setgeomrefinelevel 1
*menufont 2
*ME_CoreBehaviorAdjust "allowable_actions_policy=TC_lite"
*settopologydisplaymode 0
*settopologydisplaymode 0
*settopologydisplaymode 0
*settopologydisplaymode 0
*settopologydisplaymode 0
*settopologydisplaymode 0
*settopologydisplaymode 0
*settopologydisplaymode 0
*settopologydisplaymode 0
*createmark collections 1
*clearmark collections 1
*createmark collections 2
*clearmark collections 2
*createmark controllers 1
*clearmark controllers 1
*loaddefaultattributevaluesfromxml 
*settopologydisplaymode 0
*view "front"
*startnotehistorystate {Hide Components "CoLo"}
*createmark components 3 "CoLo"
*createstringarray 2 "elements_off" "geometry_on"
*hideentitybymark 3 1 2
*endnotehistorystate {Hide Components "CoLo"}
*window 3 -1657.18784 -64.884764 -1400.23336 52.3645207
# Session ended at "4-26-2020  12:22:52"
return; # Stop script and return to application 
# *quit 1; # Uncomment to exit application
*begin "version 2019.1.0.20  4-26-2020  14:45:29"
*templatefileset "C:/Program Files/Altair/2019/templates/feoutput/optistruct/optistruct"
*menufilterset "*"
*menufilterdisable 
*readfile "C:/Users/raghe/Google Drive (s265776polito@gmail.com)/M2/Spring/Car Body Design & Aerodynamics/Car Body Design/Exercise/Exercise 2/CoLo/CoLoHYP.hm"
*setgeomrefinelevel 1
# Session ended at "4-26-2020  14:47:17"
return; # Stop script and return to application 
# *quit 1; # Uncomment to exit application
*begin "version 2019.1.0.20  4-26-2020  14:47:27"
*templatefileset "C:/Program Files/Altair/2019/templates/feoutput/optistruct/optistruct"
*menufilterset "*"
*menufilterdisable 
*viewset 1 0 0 0 0 1 0 0 0 0 1 0 0 0 0 1 0 0 10 10
*readfile "C:\\Users\\raghe\\Google Drive (s265776polito@gmail.com)\\M2\\Spring\\Car Body Design & Aerodynamics\\Car Body Design\\Exercise\\Exercise 2\\CoLo\\CoLoHYP.hm"
*setgeomrefinelevel 1
*menufont 2
*ME_CoreBehaviorAdjust "allowable_actions_policy=TC_lite"
*settopologydisplaymode 0
*settopologydisplaymode 0
*settopologydisplaymode 0
*settopologydisplaymode 0
*settopologydisplaymode 0
*settopologydisplaymode 0
*settopologydisplaymode 0
*settopologydisplaymode 0
*settopologydisplaymode 0
*createmark collections 1
*clearmark collections 1
*createmark collections 2
*clearmark collections 2
*createmark controllers 1
*clearmark controllers 1
*loaddefaultattributevaluesfromxml 
*settopologydisplaymode 0
*startnotehistorystate {Hide Components "CoLo"}
*createmark components 3 "CoLo"
*createstringarray 2 "elements_on" "geometry_off"
*hideentitybymark 3 1 2
*endnotehistorystate {Hide Components "CoLo"}
*startnotehistorystate {Show Components "CoLo"}
*createmark components 3 "CoLo"
*createstringarray 2 "elements_on" "geometry_off"
*showentitybymark 3 1 2
*endnotehistorystate {Show Components "CoLo"}
*viewset 0.275377402 -0.249449052 -0.928408561 0 -0.818079189 0.446399718 -0.362593068 0 0.504889817 0.85936166 -0.0811406839 0 1560.24159 754.691537 1450.58515 1 -679.065047 -80.4573543 3179.06505 1680.02178
*window 3 1302.21317 712.725552 1720.12679 903.421094
*view "front"
*window 3 -157.732553 -49.755824 60.5406041 49.8430308
*drawlistresetstyle 
*createmark elements 1 304881
*deletemark elements 1
*createlist nodes 2 13580 13555
*createnodesbetweennodelist 2 1 0 0
*createentity comps includeid=0 name=component1
*createmark components 1 "component1"
*clearmark components 1
*startnotehistorystate {Renamed Components from "component1" to "Web"}
*setvalue comps id=2 name=Web
*endnotehistorystate {Renamed Components from "component1" to "Web"}
*startnotehistorystate {Modified color of Components "Web"}
*setvalue comps mark=1 color=5
*createmark components 1 "Web"
*clearmark components 1
*endnotehistorystate {Modified color of Components "Web"}
*startnotehistorystate {Modified color of Components "Web"}
*setvalue comps mark=1 color=7
*createmark components 1 "Web"
*clearmark components 1
*endnotehistorystate {Modified color of Components "Web"}
*startnotehistorystate {Loadcol "Force" made current}
*currentcollector loadcols "Force"
*endnotehistorystate {Loadcol "Force" made current}
hm_answernext yes
*writefile "C:/Users/raghe/Google Drive (s265776polito@gmail.com)/M2/Spring/Car Body Design & Aerodynamics/Car Body Design/Exercise/Exercise 2/CoLo/CoLoHYP.hm" 1
*elementtype 56 1
*createmark nodes 1 13555-13604
*createarray 50 123 123 123 123 123 123 123 123 123 123 123 123 123 123 123 \
  123 123 123 123 123 123 123 123 123 123 123 123 123 123 123 123 123 123 123 \
  123 123 123 123 123 123 123 123 123 123 123 123 123 123 123 123
*createdoublearray 50 1 1 1 1 1 1 1 1 1 1 1 1 1 1 1 1 1 1 1 1 1 1 1 1 1 1 \
  1 1 1 1 1 1 1 1 1 1 1 1 1 1 1 1 1 1 1 1 1 1 1 1
*rbe3 1 1 50 1 50 152433 123456 1
hm_answernext yes
*writefile "C:/Users/raghe/Google Drive (s265776polito@gmail.com)/M2/Spring/Car Body Design & Aerodynamics/Car Body Design/Exercise/Exercise 2/CoLo/CoLoHYP.hm" 1
*viewset -3.49148134e-15 -0 -1 0 -1 -3.49148134e-15 3.49148134e-15 0 -3.49148134e-15 1 1.21904419e-29 0 0 0 0 1 -157.732553 -49.755824 60.5406041 49.8430308
*viewset -3.49148134e-15 -0 -1 0 -1 -3.49148134e-15 3.49148134e-15 0 -3.49148134e-15 1 1.21904419e-29 0 0 0 0 1 -157.732553 -49.755824 60.5406041 49.8430308
*viewset -3.49148134e-15 -0 -1 0 -1 -3.49148134e-15 3.49148134e-15 0 -3.49148134e-15 1 1.21904419e-29 0 0 0 0 1 -157.732553 -49.755824 60.5406041 49.8430308
*viewset -3.49148134e-15 -0 -1 0 -1 -3.49148134e-15 3.49148134e-15 0 -3.49148134e-15 1 1.21904419e-29 0 0 0 0 1 -157.732553 -49.755824 60.5406041 49.8430308
*viewset -3.49148134e-15 -0 -1 0 -1 -3.49148134e-15 3.49148134e-15 0 -3.49148134e-15 1 1.21904419e-29 0 0 0 0 1 -157.732553 -49.755824 60.5406041 49.8430308
*viewset -3.49148134e-15 -0 -1 0 -1 -3.49148134e-15 3.49148134e-15 0 -3.49148134e-15 1 1.21904419e-29 0 0 0 0 1 -157.732553 -49.755824 60.5406041 49.8430308
*loadsize 1 10 1 1
*viewset -3.49148134e-15 -0 -1 0 -1 -3.49148134e-15 3.49148134e-15 0 -3.49148134e-15 1 1.21904419e-29 0 0 0 0 1 -157.732553 -49.755824 60.5406041 49.8430308
*viewset -3.49148134e-15 -0 -1 0 -1 -3.49148134e-15 3.49148134e-15 0 -3.49148134e-15 1 1.21904419e-29 0 0 0 0 1 -157.732553 -49.755824 60.5406041 49.8430308
*startnotehistorystate {Created Force }
*createmark nodes 1 152433
*loadcreateonentity_curve nodes 1 1 1 0 0 500 0 0 500 0 0 0 0 0
*endnotehistorystate {Created Force }
*viewset -3.49148134e-15 -0 -1 0 -1 -3.49148134e-15 3.49148134e-15 0 -3.49148134e-15 1 1.21904419e-29 0 0 0 0 1 -157.732553 -49.755824 60.5406041 49.8430308
*viewset 0.0989719908 0.0151983565 -0.994974148 0 -0.988764205 -0.111063887 -0.100050791 0 -0.112026303 0.993697048 0.00403537696 0 -132.703625 69.8531627 73.7583168 1 -157.732553 -49.755824 60.5406041 49.8430308
*viewset 0.0989719908 0.0151983565 -0.994974148 0 -0.988764205 -0.111063887 -0.100050791 0 -0.112026303 0.993697048 0.00403537696 0 -132.703625 69.8531627 73.7583168 1 -157.732553 -49.755824 60.5406041 49.8430308
*window 2 -2 0 0 0
*window 2 -2 0 0 0
hm_answernext yes
*writefile "C:/Users/raghe/Google Drive (s265776polito@gmail.com)/M2/Spring/Car Body Design & Aerodynamics/Car Body Design/Exercise/Exercise 2/CoLo/CoLoHYP.hm" 1
*viewset 0.0989719908 0.0151983565 -0.994974148 0 -0.988764205 -0.111063887 -0.100050791 0 -0.112026303 0.993697048 0.00403537696 0 -132.703625 69.8531627 73.7583168 1 -485.142289 -199.154106 387.95034 199.241313
*viewset 0.0989719908 0.0151983565 -0.994974148 0 -0.988764205 -0.111063887 -0.100050791 0 -0.112026303 0.993697048 0.00403537696 0 -132.703625 69.8531627 73.7583168 1 -485.142289 -199.154106 387.95034 199.241313
*createstringarray 1 "CONNECTORS_SKIP "
*feoutputwithdata "C:/Program Files/Altair/2019/templates/feoutput/optistruct/optistruct" "C:/Users/raghe/Google Drive (s265776polito@gmail.com)/M2/Spring/Car Body Design & Aerodynamics/Car Body Design/Exercise/Exercise 2/CoLo/CoLoHYP.fem" 1 0 2 1 1
*viewset -0.137043244 0.0847044538 -0.986936829 0 -0.987226364 0.0700546949 0.143095935 0 0.0812604214 0.993940388 0.0740219473 0 161.085146 -161.924323 -130.805711 1 -1836.40178 -309.854246 -963.309149 88.5411729
*window 3 -1481.10861 -92.2065133 -1324.85656 -20.908118
*window 2 -2 0 0 0
*window 2 -2 0 0 0
*window 2 -2 0 0 0
*window 2 -2 0 0 0
*viewset -0.263015022 0.254978185 -0.930488701 0 -0.962694836 -0.00580742499 0.270527129 0 0.0635747728 0.966929366 0.246993622 0 298.924646 -314.076791 -303.310824 1 -2591.73031 -623.026983 -91.6974096 517.747341
*createmark loads 1 "all"
*deletemark loads 1
*viewset 0.00184753561 0.0634121121 -0.997985717 0 -0.93082622 -0.364613491 -0.0248907833 0 -0.365457433 0.928997258 0.0583520202 0 -57.6484433 212.42565 17.3947722 1 -2591.73031 -623.026983 -91.6974096 517.747341
*startnotehistorystate {Created Force }
*createmark nodes 1 152433
*loadcreateonentity_curve nodes 1 1 1 0 0 500 0 0 500 0 0 0 0 0
*endnotehistorystate {Created Force }
hm_answernext yes
*writefile "C:/Users/raghe/Google Drive (s265776polito@gmail.com)/M2/Spring/Car Body Design & Aerodynamics/Car Body Design/Exercise/Exercise 2/CoLo/CoLoHYP.hm" 1
*startnotehistorystate {Loadcol "Constraints" made current}
*currentcollector loadcols "Constraints"
*endnotehistorystate {Loadcol "Constraints" made current}
*viewset 0.00184753561 0.0634121121 -0.997985717 0 -0.93082622 -0.364613491 -0.0248907833 0 -0.365457433 0.928997258 0.0583520202 0 -57.6484433 212.42565 17.3947722 1 -1905.34135 -524.529985 594.691551 616.244339
*viewset 0.00184753561 0.0634121121 -0.997985717 0 -0.93082622 -0.364613491 -0.0248907833 0 -0.365457433 0.928997258 0.0583520202 0 -57.6484433 212.42565 17.3947722 1 -1905.34135 -524.529985 594.691551 616.244339
*viewset 0.00184753561 0.0634121121 -0.997985717 0 -0.93082622 -0.364613491 -0.0248907833 0 -0.365457433 0.928997258 0.0583520202 0 -57.6484433 212.42565 17.3947722 1 -1905.34135 -524.529985 594.691551 616.244339
*viewset 0.00184753561 0.0634121121 -0.997985717 0 -0.93082622 -0.364613491 -0.0248907833 0 -0.365457433 0.928997258 0.0583520202 0 -57.6484433 212.42565 17.3947722 1 -1905.34135 -524.529985 594.691551 616.244339
*viewset 0.00184753561 0.0634121121 -0.997985717 0 -0.93082622 -0.364613491 -0.0248907833 0 -0.365457433 0.928997258 0.0583520202 0 -57.6484433 212.42565 17.3947722 1 -1905.34135 -524.529985 594.691551 616.244339
*viewset 0.00184753561 0.0634121121 -0.997985717 0 -0.93082622 -0.364613491 -0.0248907833 0 -0.365457433 0.928997258 0.0583520202 0 -57.6484433 212.42565 17.3947722 1 -1905.34135 -524.529985 594.691551 616.244339
*viewset 0.00184753561 0.0634121121 -0.997985717 0 -0.93082622 -0.364613491 -0.0248907833 0 -0.365457433 0.928997258 0.0583520202 0 -57.6484433 212.42565 17.3947722 1 -1905.34135 -524.529985 594.691551 616.244339
*viewset 0.00184753561 0.0634121121 -0.997985717 0 -0.93082622 -0.364613491 -0.0248907833 0 -0.365457433 0.928997258 0.0583520202 0 -57.6484433 212.42565 17.3947722 1 -1905.34135 -524.529985 594.691551 616.244339
*viewset 0.00184753561 0.0634121121 -0.997985717 0 -0.93082622 -0.364613491 -0.0248907833 0 -0.365457433 0.928997258 0.0583520202 0 -57.6484433 212.42565 17.3947722 1 -1905.34135 -524.529985 594.691551 616.244339
*viewset 0.00184753561 0.0634121121 -0.997985717 0 -0.93082622 -0.364613491 -0.0248907833 0 -0.365457433 0.928997258 0.0583520202 0 -57.6484433 212.42565 17.3947722 1 -1905.34135 -524.529985 594.691551 616.244339
*viewset 0.00184753561 0.0634121121 -0.997985717 0 -0.93082622 -0.364613491 -0.0248907833 0 -0.365457433 0.928997258 0.0583520202 0 -57.6484433 212.42565 17.3947722 1 -1905.34135 -524.529985 594.691551 616.244339
*viewset 0.00184753561 0.0634121121 -0.997985717 0 -0.93082622 -0.364613491 -0.0248907833 0 -0.365457433 0.928997258 0.0583520202 0 -57.6484433 212.42565 17.3947722 1 -1905.34135 -524.529985 594.691551 616.244339
*viewset 0.00184753561 0.0634121121 -0.997985717 0 -0.93082622 -0.364613491 -0.0248907833 0 -0.365457433 0.928997258 0.0583520202 0 -57.6484433 212.42565 17.3947722 1 -1905.34135 -524.529985 594.691551 616.244339
*viewset 0.00184753561 0.0634121121 -0.997985717 0 -0.93082622 -0.364613491 -0.0248907833 0 -0.365457433 0.928997258 0.0583520202 0 -57.6484433 212.42565 17.3947722 1 -1905.34135 -524.529985 594.691551 616.244339
*viewset 0.00184753561 0.0634121121 -0.997985717 0 -0.93082622 -0.364613491 -0.0248907833 0 -0.365457433 0.928997258 0.0583520202 0 -57.6484433 212.42565 17.3947722 1 -1905.34135 -524.529985 594.691551 616.244339
*viewset 0.00184753561 0.0634121121 -0.997985717 0 -0.93082622 -0.364613491 -0.0248907833 0 -0.365457433 0.928997258 0.0583520202 0 -57.6484433 212.42565 17.3947722 1 -1905.34135 -524.529985 594.691551 616.244339
*viewset 0.00184753561 0.0634121121 -0.997985717 0 -0.93082622 -0.364613491 -0.0248907833 0 -0.365457433 0.928997258 0.0583520202 0 -57.6484433 212.42565 17.3947722 1 -1905.34135 -524.529985 594.691551 616.244339
*viewset 0.00184753561 0.0634121121 -0.997985717 0 -0.93082622 -0.364613491 -0.0248907833 0 -0.365457433 0.928997258 0.0583520202 0 -57.6484433 212.42565 17.3947722 1 -1905.34135 -524.529985 594.691551 616.244339
*viewset 0.00184753561 0.0634121121 -0.997985717 0 -0.93082622 -0.364613491 -0.0248907833 0 -0.365457433 0.928997258 0.0583520202 0 -57.6484433 212.42565 17.3947722 1 -1905.34135 -524.529985 594.691551 616.244339
*startnotehistorystate {Created Constraints}
*createmark nodes 1 1-26 13605-13628
*loadcreateonentity_curve nodes 1 3 1 0 -999999 -999999 -999999 -999999 -999999 0 0 0 0 0
*createmark loads 0 2-51
*loadsupdatefixedvalue 0 0
*endnotehistorystate {Created Constraints}
*viewset 0.00184753561 0.0634121121 -0.997985717 0 -0.93082622 -0.364613491 -0.0248907833 0 -0.365457433 0.928997258 0.0583520202 0 -57.6484433 212.42565 17.3947722 1 -1905.34135 -524.529985 594.691551 616.244339
hm_answernext yes
*writefile "C:/Users/raghe/Google Drive (s265776polito@gmail.com)/M2/Spring/Car Body Design & Aerodynamics/Car Body Design/Exercise/Exercise 2/CoLo/CoLoHYP.hm" 1
*view "rear"
*viewset -3.49148134e-15 -0 1 0 1 -3.49148134e-15 3.49148134e-15 0 3.49148134e-15 1 1.21904419e-29 0 0 0 0 1 -80.0000152 -527.575 1680 79.075
*viewset -3.49148134e-15 -0 1 0 1 -3.49148134e-15 3.49148134e-15 0 3.49148134e-15 1 1.21904419e-29 0 0 0 0 1 -80.0000152 -527.575 1680 79.075
*window 3 1453.5607 -39.5508579 1644.20434 47.4405469
*viewset -0.0244938005 -0.0467780619 0.99860496 0 0.996635322 0.0770133854 0.0280530588 0 -0.0782182164 0.995932102 0.0447343182 0 33.3089933 -3.13813044 -20.6986472 1 1453.5607 -39.5508579 1644.20434 47.4405469
*viewset -0.0244938005 -0.0467780619 0.99860496 0 0.996635322 0.0770133854 0.0280530588 0 -0.0782182164 0.995932102 0.0447343182 0 33.3089933 -3.13813044 -20.6986472 1 1453.5607 -39.5508579 1644.20434 47.4405469
*viewset -0.0244938005 -0.0467780619 0.99860496 0 0.996635322 0.0770133854 0.0280530588 0 -0.0782182164 0.995932102 0.0447343182 0 33.3089933 -3.13813044 -20.6986472 1 1453.5607 -39.5508579 1644.20434 47.4405469
*viewset -0.0244938005 -0.0467780619 0.99860496 0 0.996635322 0.0770133854 0.0280530588 0 -0.0782182164 0.995932102 0.0447343182 0 33.3089933 -3.13813044 -20.6986472 1 1453.5607 -39.5508579 1644.20434 47.4405469
*viewset -0.0244938005 -0.0467780619 0.99860496 0 0.996635322 0.0770133854 0.0280530588 0 -0.0782182164 0.995932102 0.0447343182 0 33.3089933 -3.13813044 -20.6986472 1 1453.5607 -39.5508579 1644.20434 47.4405469
*viewset -0.0244938005 -0.0467780619 0.99860496 0 0.996635322 0.0770133854 0.0280530588 0 -0.0782182164 0.995932102 0.0447343182 0 33.3089933 -3.13813044 -20.6986472 1 1453.5607 -39.5508579 1644.20434 47.4405469
*viewset -0.0244938005 -0.0467780619 0.99860496 0 0.996635322 0.0770133854 0.0280530588 0 -0.0782182164 0.995932102 0.0447343182 0 33.3089933 -3.13813044 -20.6986472 1 1453.5607 -39.5508579 1644.20434 47.4405469
*viewset -0.0244938005 -0.0467780619 0.99860496 0 0.996635322 0.0770133854 0.0280530588 0 -0.0782182164 0.995932102 0.0447343182 0 33.3089933 -3.13813044 -20.6986472 1 1453.5607 -39.5508579 1644.20434 47.4405469
*startnotehistorystate {Created Constraints}
*createmark nodes 1 530-555 18913-18936
*loadcreateonentity_curve nodes 1 3 1 0 -999999 0 -999999 -999999 -999999 0 0 0 0 0
*createmark loads 0 52-101
*loadsupdatefixedvalue 0 0
*endnotehistorystate {Created Constraints}
*viewset -0.0244938005 -0.0467780619 0.99860496 0 0.996635322 0.0770133854 0.0280530588 0 -0.0782182164 0.995932102 0.0447343182 0 33.3089933 -3.13813044 -20.6986472 1 1453.5607 -39.5508579 1644.20434 47.4405469
hm_answernext yes
*writefile "C:/Users/raghe/Google Drive (s265776polito@gmail.com)/M2/Spring/Car Body Design & Aerodynamics/Car Body Design/Exercise/Exercise 2/CoLo/CoLoHYP.hm" 1
*view "rear"
*viewset -3.49148134e-15 -0 1 0 1 -3.49148134e-15 3.49148134e-15 0 3.49148134e-15 1 1.21904419e-29 0 0 0 0 1 -80.0000152 -527.575 1680 79.075
*viewset -3.49148134e-15 -0 1 0 1 -3.49148134e-15 3.49148134e-15 0 3.49148134e-15 1 1.21904419e-29 0 0 0 0 1 -80.0000152 -527.575 1680 79.075
*window 3 -68.078355 -47.1153279 164.009559 58.7872518
*viewset -0.0632804383 -0.00301535002 0.997991229 0 0.996359161 0.0570550931 0.0633493398 0 -0.0571315029 0.998366478 -0.000606099682 0 82.0132191 -41.8748865 -48.168508 1 -68.078355 -47.1153279 164.009559 58.7872518
*viewset -0.0632804383 -0.00301535002 0.997991229 0 0.996359161 0.0570550931 0.0633493398 0 -0.0571315029 0.998366478 -0.000606099682 0 82.0132191 -41.8748865 -48.168508 1 -68.078355 -47.1153279 164.009559 58.7872518
*window 2 -2 0 0 0
*viewset -0.0632804383 -0.00301535002 0.997991229 0 0.996359161 0.0570550931 0.0633493398 0 -0.0571315029 0.998366478 -0.000606099682 0 82.0132191 -41.8748865 -48.168508 1 -157.170167 -142.294648 307.005661 69.5105115
*viewset -0.0632804383 -0.00301535002 0.997991229 0 0.996359161 0.0570550931 0.0633493398 0 -0.0571315029 0.998366478 -0.000606099682 0 82.0132191 -41.8748865 -48.168508 1 -157.170167 -142.294648 307.005661 69.5105115
*viewset -0.0632804383 -0.00301535002 0.997991229 0 0.996359161 0.0570550931 0.0633493398 0 -0.0571315029 0.998366478 -0.000606099682 0 82.0132191 -41.8748865 -48.168508 1 -157.170167 -142.294648 307.005661 69.5105115
*viewset -0.0632804383 -0.00301535002 0.997991229 0 0.996359161 0.0570550931 0.0633493398 0 -0.0571315029 0.998366478 -0.000606099682 0 82.0132191 -41.8748865 -48.168508 1 -157.170167 -142.294648 307.005661 69.5105115
*viewset -0.0632804383 -0.00301535002 0.997991229 0 0.996359161 0.0570550931 0.0633493398 0 -0.0571315029 0.998366478 -0.000606099682 0 82.0132191 -41.8748865 -48.168508 1 -157.170167 -142.294648 307.005661 69.5105115
*viewset -0.0632804383 -0.00301535002 0.997991229 0 0.996359161 0.0570550931 0.0633493398 0 -0.0571315029 0.998366478 -0.000606099682 0 82.0132191 -41.8748865 -48.168508 1 -157.170167 -142.294648 307.005661 69.5105115
*viewset -0.0632804383 -0.00301535002 0.997991229 0 0.996359161 0.0570550931 0.0633493398 0 -0.0571315029 0.998366478 -0.000606099682 0 82.0132191 -41.8748865 -48.168508 1 -157.170167 -142.294648 307.005661 69.5105115
*startnotehistorystate {Created Constraints}
*createmark nodes 1 45815-45864
*loadcreateonentity_curve nodes 1 3 1 0 0 0 -999999 -999999 -999999 0 0 0 0 0
*createmark loads 0 102-151
*loadsupdatefixedvalue 0 0
*endnotehistorystate {Created Constraints}
*viewset -0.0632804383 -0.00301535002 0.997991229 0 0.996359161 0.0570550931 0.0633493398 0 -0.0571315029 0.998366478 -0.000606099682 0 82.0132191 -41.8748865 -48.168508 1 -157.170167 -142.294648 307.005661 69.5105115
hm_answernext yes
*writefile "C:/Users/raghe/Google Drive (s265776polito@gmail.com)/M2/Spring/Car Body Design & Aerodynamics/Car Body Design/Exercise/Exercise 2/CoLo/CoLoHYP.hm" 1
*viewset -0.0632804383 -0.00301535002 0.997991229 0 0.996359161 0.0570550931 0.0633493398 0 -0.0571315029 0.998366478 -0.000606099682 0 82.0132191 -41.8748865 -48.168508 1 -157.170167 -142.294648 307.005661 69.5105115
*viewset -0.0632804383 -0.00301535002 0.997991229 0 0.996359161 0.0570550931 0.0633493398 0 -0.0571315029 0.998366478 -0.000606099682 0 82.0132191 -41.8748865 -48.168508 1 -157.170167 -142.294648 307.005661 69.5105115
*createstringarray 1 "CONNECTORS_SKIP "
*feoutputwithdata "C:/Program Files/Altair/2019/templates/feoutput/optistruct/optistruct" "C:/Users/raghe/Google Drive (s265776polito@gmail.com)/M2/Spring/Car Body Design & Aerodynamics/Car Body Design/Exercise/Exercise 2/CoLo/CoLoHYP.fem" 1 0 2 1 1
*viewset -0.0632804383 -0.00301535002 0.997991229 0 0.996359161 0.0570550931 0.0633493398 0 -0.0571315029 0.998366478 -0.000606099682 0 82.0132191 -41.8748865 -48.168508 1 -157.170167 -142.294648 307.005661 69.5105115
*view "iso1"
*view "front"
*viewset -0.131941731 0.3181792 -0.938804227 0 -0.984834768 -0.149714741 0.0876697023 0 -0.112658156 0.936134335 0.333107561 0 152.794977 -277.952209 -146.630478 1 -1680 -527.575 80.0000152 79.075
*viewset -0.131941731 0.3181792 -0.938804227 0 -0.984834768 -0.149714741 0.0876697023 0 -0.112658156 0.936134335 0.333107561 0 152.794977 -277.952209 -146.630478 1 -1680 -527.575 80.0000152 79.075
*view "top"
*viewset 1 0 -0 0 0 1 0 0 0 0 1 0 0 0 0 1 -181.65 -80.0000152 2681.65 1680
*viewset 1 0 -0 0 0 1 0 0 0 0 1 0 0 0 0 1 -181.65 -80.0000152 2681.65 1680
*viewset 1 0 -0 0 0 1 0 0 0 0 1 0 0 0 0 1 -181.65 -80.0000152 2681.65 1680
*viewset 1 0 -0 0 0 1 0 0 0 0 1 0 0 0 0 1 -319.896598 281.946613 2543.4034 2041.94663
*viewset 1 0 -0 0 0 1 0 0 0 0 1 0 0 0 0 1 -319.896598 281.946613 2543.4034 2041.94663
*viewset 1 0 -0 0 0 1 0 0 0 0 1 0 0 0 0 1 -319.896598 281.946613 2543.4034 2041.94663
*viewset 1 0 -0 0 0 1 0 0 0 0 1 0 0 0 0 1 -319.896598 281.946613 2543.4034 2041.94663
*viewset 1 0 -0 0 0 1 0 0 0 0 1 0 0 0 0 1 -319.896598 281.946613 2543.4034 2041.94663
*viewset 1 0 -0 0 0 1 0 0 0 0 1 0 0 0 0 1 -319.896598 281.946613 2543.4034 2041.94663
*viewset 1 0 -0 0 0 1 0 0 0 0 1 0 0 0 0 1 -319.896598 281.946613 2543.4034 2041.94663
*viewset 1 0 -0 0 0 1 0 0 0 0 1 0 0 0 0 1 -319.896598 281.946613 2543.4034 2041.94663
*createmark loads 1 2-51
*deletemark loads 1
*viewset 1 0 -0 0 0 1 0 0 0 0 1 0 0 0 0 1 -319.896598 281.946613 2543.4034 2041.94663
*viewset 0.381237277 -0.146981479 -0.912718239 0 -0.802002037 0.438493895 -0.405605517 0 0.459837875 0.88663383 0.0492907732 0 1415.05503 632.931728 1465.38221 1 -319.896598 281.946613 2543.4034 2041.94663
*viewset 0.381237277 -0.146981479 -0.912718239 0 -0.802002037 0.438493895 -0.405605517 0 0.459837875 0.88663383 0.0492907732 0 1415.05503 632.931728 1465.38221 1 -319.896598 281.946613 2543.4034 2041.94663
hm_answernext yes
*writefile "C:/Users/raghe/Google Drive (s265776polito@gmail.com)/M2/Spring/Car Body Design & Aerodynamics/Car Body Design/Exercise/Exercise 2/CoLo/CoLoHYP.hm" 1
*viewset 0.381237277 -0.146981479 -0.912718239 0 -0.802002037 0.438493895 -0.405605517 0 0.459837875 0.88663383 0.0492907732 0 1415.05503 632.931728 1465.38221 1 -319.896598 281.946613 2543.4034 2041.94663
*viewset 0.381237277 -0.146981479 -0.912718239 0 -0.802002037 0.438493895 -0.405605517 0 0.459837875 0.88663383 0.0492907732 0 1415.05503 632.931728 1465.38221 1 -319.896598 281.946613 2543.4034 2041.94663
*viewset 0.381237277 -0.146981479 -0.912718239 0 -0.802002037 0.438493895 -0.405605517 0 0.459837875 0.88663383 0.0492907732 0 1415.05503 632.931728 1465.38221 1 -319.896598 281.946613 2543.4034 2041.94663
*window 2 2 0 0 0
*viewset 0.381237277 -0.146981479 -0.912718239 0 -0.802002037 0.438493895 -0.405605517 0 0.459837875 0.88663383 0.0492907732 0 1415.05503 632.931728 1465.38221 1 395.928402 721.946617 1827.5784 1601.94662
*viewset 0.381237277 -0.146981479 -0.912718239 0 -0.802002037 0.438493895 -0.405605517 0 0.459837875 0.88663383 0.0492907732 0 1415.05503 632.931728 1465.38221 1 395.928402 721.946617 1827.5784 1601.94662
*window 3 17.8426198 1228.94819 344.816443 1378.14756
*viewset 0.381237277 -0.146981479 -0.912718239 0 -0.802002037 0.438493895 -0.405605517 0 0.459837875 0.88663383 0.0492907732 0 1415.05503 632.931728 1465.38221 1 17.8426198 1228.94819 344.816443 1378.14756
*viewset 0.381237277 -0.146981479 -0.912718239 0 -0.802002037 0.438493895 -0.405605517 0 0.459837875 0.88663383 0.0492907732 0 1415.05503 632.931728 1465.38221 1 17.8426198 1228.94819 344.816443 1378.14756
*viewset 0.381237277 -0.146981479 -0.912718239 0 -0.802002037 0.438493895 -0.405605517 0 0.459837875 0.88663383 0.0492907732 0 1415.05503 632.931728 1465.38221 1 17.8426198 1228.94819 344.816443 1378.14756
*startnotehistorystate {Created Constraints}
*createmark nodes 1 1-26 13605-13628
*loadcreateonentity_curve nodes 1 3 1 -999999 -999999 0 -999999 -999999 -999999 0 0 0 0 0
*createmark loads 0 201 200 199 198 197 196 195 194 193 192 191 190 189 188 \
  187 186 185 184 183 182 181 180 179 178 177 176 175 174 173 172 171 170 169 \
  168 167 166 165 164 163 162 161 160 159 158 157 156 155 154 153 152
*loadsupdatefixedvalue 0 0
*endnotehistorystate {Created Constraints}
*viewset 0.381237277 -0.146981479 -0.912718239 0 -0.802002037 0.438493895 -0.405605517 0 0.459837875 0.88663383 0.0492907732 0 1415.05503 632.931728 1465.38221 1 17.8426198 1228.94819 344.816443 1378.14756
hm_answernext yes
*writefile "C:/Users/raghe/Google Drive (s265776polito@gmail.com)/M2/Spring/Car Body Design & Aerodynamics/Car Body Design/Exercise/Exercise 2/CoLo/CoLoHYP.hm" 1
*viewset 0.381237277 -0.146981479 -0.912718239 0 -0.802002037 0.438493895 -0.405605517 0 0.459837875 0.88663383 0.0492907732 0 1415.05503 632.931728 1465.38221 1 17.8426198 1228.94819 344.816443 1378.14756
*viewset 0.381237277 -0.146981479 -0.912718239 0 -0.802002037 0.438493895 -0.405605517 0 0.459837875 0.88663383 0.0492907732 0 1415.05503 632.931728 1465.38221 1 17.8426198 1228.94819 344.816443 1378.14756
*createstringarray 1 "CONNECTORS_SKIP "
*feoutputwithdata "C:/Program Files/Altair/2019/templates/feoutput/optistruct/optistruct" "C:/Users/raghe/Google Drive (s265776polito@gmail.com)/M2/Spring/Car Body Design & Aerodynamics/Car Body Design/Exercise/Exercise 2/CoLo/CoLoHYP.fem" 1 0 2 1 1
*viewset 0.381237277 -0.146981479 -0.912718239 0 -0.802002037 0.438493895 -0.405605517 0 0.459837875 0.88663383 0.0492907732 0 1415.05503 632.931728 1465.38221 1 17.8426198 1228.94819 344.816443 1378.14756
# Session ended at "4-26-2020  15:04:53"
return; # Stop script and return to application 
# *quit 1; # Uncomment to exit application
*begin "version 2019.1.0.20  5-17-2020  10:47:45"
*templatefileset "C:/Program Files/Altair/2019/templates/feoutput/optistruct/optistruct"
*menufilterset "*"
*menufilterdisable 
*viewset 1 0 0 0 0 1 0 0 0 0 1 0 0 0 0 1 0 0 10 10
*readfile "C:\\Users\\raghe\\Google Drive (s265776polito@gmail.com)\\M2\\Spring\\Car Body Design & Aerodynamics\\Car Body Design\\Exercise\\Exercise 2\\CoLo\\CoLoHYP.hm"
*setgeomrefinelevel 1
*menufont 2
*ME_CoreBehaviorAdjust "allowable_actions_policy=TC_lite"
*createmark collections 1
*clearmark collections 1
*createmark collections 2
*clearmark collections 2
*createmark controllers 1
*clearmark controllers 1
*loaddefaultattributevaluesfromxml 
*view "top"
*viewset 0.809457726 -0.229526749 -0.54045875 0 -0.418787507 0.419494827 -0.805382588 0 0.411576498 0.878260532 0.243440394 0 573.207845 751.31257 1319.8795 1 -181.65 -80.0000176 2681.65 1680
*window 2 2 0 0 0
*window 3 -291.846775 1303.54788 110.815434 1487.28414
*view "top"
*viewset 0.792097431 -0.147957209 -0.592191121 0 -0.547911977 0.25524734 -0.796643747 0 0.269024394 0.955488074 0.121113235 0 698.207788 780.748633 1377.55389 1 -181.65 -80.0000176 2681.65 1680
*window 2 2 0 0 0
# Session ended at "5-17-2020  11:04:21"
return; # Stop script and return to application 
# *quit 1; # Uncomment to exit application
*begin "version 2019.1.0.20  5-17-2020  18:22:49"
*templatefileset "C:/Program Files/Altair/2019/templates/feoutput/optistruct/optistruct"
*menufilterset "*"
*menufilterdisable 
*viewset 1 0 0 0 0 1 0 0 0 0 1 0 0 0 0 1 0 0 10 10
*readfile "C:\\Users\\raghe\\Google Drive (s265776polito@gmail.com)\\M2\\Spring\\Car Body Design & Aerodynamics\\Car Body Design\\Exercise\\Exercise 2\\CoLo\\Hyp\\CoLoHYP.hm"
*setgeomrefinelevel 1
*menufont 2
*ME_CoreBehaviorAdjust "allowable_actions_policy=TC_lite"
*settopologydisplaymode 0
*settopologydisplaymode 0
*settopologydisplaymode 0
*settopologydisplaymode 0
*settopologydisplaymode 0
*settopologydisplaymode 0
*settopologydisplaymode 0
*settopologydisplaymode 0
*settopologydisplaymode 0
*createmark collections 1
*clearmark collections 1
*createmark collections 2
*clearmark collections 2
*createmark controllers 1
*clearmark controllers 1
*loaddefaultattributevaluesfromxml 
*settopologydisplaymode 0
*drawlistresetstyle 
*setedgedensitylinkwithaspectratio -1
*elementorder 1
*startnotehistorystate {Automesh surfaces}
*createmark surfaces 1 "all"
*interactiveremeshsurf 1 5 2 2 2 1 1
*set_meshfaceparams 0 5 2 0 0 1 0.5 1 1
*automesh 0 5 2
*set_meshfaceparams 1 5 2 0 0 1 0.5 1 1
*automesh 1 5 2
*set_meshfaceparams 2 5 2 0 0 1 0.5 1 1
*automesh 2 5 2
*set_meshfaceparams 3 5 2 0 0 1 0.5 1 1
*automesh 3 5 2
*set_meshfaceparams 4 2 2 0 0 1 0.5 1 1
*automesh 4 2 2
*set_meshfaceparams 5 5 2 0 0 1 0.5 1 1
*automesh 5 5 2
*set_meshfaceparams 6 5 2 0 0 1 0.5 1 1
*automesh 6 5 2
*set_meshfaceparams 7 5 2 0 0 1 0.5 1 1
*automesh 7 5 2
*set_meshfaceparams 8 2 2 0 0 1 0.5 1 1
*automesh 8 2 2
*set_meshfaceparams 9 5 2 0 0 1 0.5 1 1
*automesh 9 5 2
*set_meshfaceparams 10 2 2 0 0 1 0.5 1 1
*automesh 10 2 2
*set_meshfaceparams 11 5 2 0 0 1 0.5 1 1
*automesh 11 5 2
*set_meshfaceparams 12 5 2 0 0 1 0.5 1 1
*automesh 12 5 2
*set_meshfaceparams 13 2 2 0 0 1 0.5 1 1
*automesh 13 2 2
*set_meshfaceparams 14 2 2 0 0 1 0.5 1 1
*automesh 14 2 2
*set_meshfaceparams 15 2 2 0 0 1 0.5 1 1
*automesh 15 2 2
*set_meshfaceparams 16 2 2 0 0 1 0.5 1 1
*automesh 16 2 2
*set_meshfaceparams 17 2 2 0 0 1 0.5 1 1
*automesh 17 2 2
*set_meshfaceparams 18 2 2 0 0 1 0.5 1 1
*automesh 18 2 2
*set_meshfaceparams 19 2 2 0 0 1 0.5 1 1
*automesh 19 2 2
*set_meshfaceparams 20 2 2 0 0 1 0.5 1 1
*automesh 20 2 2
*set_meshfaceparams 21 2 2 0 0 1 0.5 1 1
*automesh 21 2 2
*set_meshfaceparams 22 5 2 0 0 1 0.5 1 1
*automesh 22 5 2
*set_meshfaceparams 23 2 2 0 0 1 0.5 1 1
*automesh 23 2 2
*set_meshfaceparams 24 5 2 0 0 1 0.5 1 1
*automesh 24 5 2
*set_meshfaceparams 25 2 2 0 0 1 0.5 1 1
*automesh 25 2 2
*set_meshfaceparams 26 2 2 0 0 1 0.5 1 1
*automesh 26 2 2
*set_meshfaceparams 27 2 2 0 0 1 0.5 1 1
*automesh 27 2 2
*set_meshfaceparams 28 2 2 0 0 1 0.5 1 1
*automesh 28 2 2
*set_meshfaceparams 29 2 2 0 0 1 0.5 1 1
*automesh 29 2 2
*set_meshfaceparams 30 2 2 0 0 1 0.5 1 1
*automesh 30 2 2
*set_meshfaceparams 31 2 2 0 0 1 0.5 1 1
*automesh 31 2 2
*ameshclearsurface 
*endnotehistorystate {Automesh surfaces}
*setedgedensitylinkwithaspectratio -1
*elementorder 1
*startnotehistorystate {Automesh surfaces}
*createmark surfaces 1 32 31 30 29 28 27 26 25 24 23 22 21 20 19 18 17 16 \
  15 14 13 12 11 10 9 8 7 6 5 4 3 2 1
*interactiveremeshsurf 1 3 2 2 2 1 1
*set_meshfaceparams 0 5 2 0 0 1 0.5 1 1
*automesh 0 5 2
*set_meshfaceparams 1 5 2 0 0 1 0.5 1 1
*automesh 1 5 2
*set_meshfaceparams 2 5 2 0 0 1 0.5 1 1
*automesh 2 5 2
*set_meshfaceparams 3 5 2 0 0 1 0.5 1 1
*automesh 3 5 2
*set_meshfaceparams 4 2 2 0 0 1 0.5 1 1
*automesh 4 2 2
*set_meshfaceparams 5 5 2 0 0 1 0.5 1 1
*automesh 5 5 2
*set_meshfaceparams 6 5 2 0 0 1 0.5 1 1
*automesh 6 5 2
*set_meshfaceparams 7 5 2 0 0 1 0.5 1 1
*automesh 7 5 2
*set_meshfaceparams 8 2 2 0 0 1 0.5 1 1
*automesh 8 2 2
*set_meshfaceparams 9 5 2 0 0 1 0.5 1 1
*automesh 9 5 2
*set_meshfaceparams 10 2 2 0 0 1 0.5 1 1
*automesh 10 2 2
*set_meshfaceparams 11 5 2 0 0 1 0.5 1 1
*automesh 11 5 2
*set_meshfaceparams 12 5 2 0 0 1 0.5 1 1
*automesh 12 5 2
*set_meshfaceparams 13 2 2 0 0 1 0.5 1 1
*automesh 13 2 2
*set_meshfaceparams 14 2 2 0 0 1 0.5 1 1
*automesh 14 2 2
*set_meshfaceparams 15 2 2 0 0 1 0.5 1 1
*automesh 15 2 2
*set_meshfaceparams 16 2 2 0 0 1 0.5 1 1
*automesh 16 2 2
*set_meshfaceparams 17 2 2 0 0 1 0.5 1 1
*automesh 17 2 2
*set_meshfaceparams 18 2 2 0 0 1 0.5 1 1
*automesh 18 2 2
*set_meshfaceparams 19 2 2 0 0 1 0.5 1 1
*automesh 19 2 2
*set_meshfaceparams 20 2 2 0 0 1 0.5 1 1
*automesh 20 2 2
*set_meshfaceparams 21 2 2 0 0 1 0.5 1 1
*automesh 21 2 2
*set_meshfaceparams 22 5 2 0 0 1 0.5 1 1
*automesh 22 5 2
*set_meshfaceparams 23 2 2 0 0 1 0.5 1 1
*automesh 23 2 2
*set_meshfaceparams 24 5 2 0 0 1 0.5 1 1
*automesh 24 5 2
*set_meshfaceparams 25 2 2 0 0 1 0.5 1 1
*automesh 25 2 2
*set_meshfaceparams 26 2 2 0 0 1 0.5 1 1
*automesh 26 2 2
*set_meshfaceparams 27 2 2 0 0 1 0.5 1 1
*automesh 27 2 2
*set_meshfaceparams 28 2 2 0 0 1 0.5 1 1
*automesh 28 2 2
*set_meshfaceparams 29 2 2 0 0 1 0.5 1 1
*automesh 29 2 2
*set_meshfaceparams 30 2 2 0 0 1 0.5 1 1
*automesh 30 2 2
*set_meshfaceparams 31 2 2 0 0 1 0.5 1 1
*automesh 31 2 2
*window 3 191.194062 1304.60188 217.3725 1316.5472
*ameshclearsurface 
*endnotehistorystate {Automesh surfaces}
*setedgedensitylinkwithaspectratio -1
*elementorder 1
*startnotehistorystate {Automesh surfaces}
*createmark surfaces 1 32 31 30 29 28 27 26 25 24 23 22 21 20 19 18 17 16 \
  15 14 13 12 11 10 9 8 7 6 5 4 3 2 1
*interactiveremeshsurf 1 1 2 2 2 1 1
*set_meshfaceparams 0 5 2 0 0 1 0.5 1 1
*automesh 0 5 2
*set_meshfaceparams 1 5 2 0 0 1 0.5 1 1
*automesh 1 5 2
*set_meshfaceparams 2 5 2 0 0 1 0.5 1 1
*automesh 2 5 2
*set_meshfaceparams 3 5 2 0 0 1 0.5 1 1
*automesh 3 5 2
*set_meshfaceparams 4 2 2 0 0 1 0.5 1 1
*automesh 4 2 2
*set_meshfaceparams 5 5 2 0 0 1 0.5 1 1
*automesh 5 5 2
*set_meshfaceparams 6 5 2 0 0 1 0.5 1 1
*automesh 6 5 2
*set_meshfaceparams 7 5 2 0 0 1 0.5 1 1
*automesh 7 5 2
*set_meshfaceparams 8 2 2 0 0 1 0.5 1 1
*automesh 8 2 2
*set_meshfaceparams 9 5 2 0 0 1 0.5 1 1
*automesh 9 5 2
*set_meshfaceparams 10 2 2 0 0 1 0.5 1 1
*automesh 10 2 2
*set_meshfaceparams 11 5 2 0 0 1 0.5 1 1
*automesh 11 5 2
*set_meshfaceparams 12 5 2 0 0 1 0.5 1 1
*automesh 12 5 2
*set_meshfaceparams 13 2 2 0 0 1 0.5 1 1
*automesh 13 2 2
*set_meshfaceparams 14 2 2 0 0 1 0.5 1 1
*automesh 14 2 2
*set_meshfaceparams 15 2 2 0 0 1 0.5 1 1
*automesh 15 2 2
*set_meshfaceparams 16 2 2 0 0 1 0.5 1 1
*automesh 16 2 2
*set_meshfaceparams 17 2 2 0 0 1 0.5 1 1
*automesh 17 2 2
*set_meshfaceparams 18 2 2 0 0 1 0.5 1 1
*automesh 18 2 2
*set_meshfaceparams 19 2 2 0 0 1 0.5 1 1
*automesh 19 2 2
*set_meshfaceparams 20 2 2 0 0 1 0.5 1 1
*automesh 20 2 2
*set_meshfaceparams 21 2 2 0 0 1 0.5 1 1
*automesh 21 2 2
*set_meshfaceparams 22 5 2 0 0 1 0.5 1 1
*automesh 22 5 2
*set_meshfaceparams 23 2 2 0 0 1 0.5 1 1
*automesh 23 2 2
*set_meshfaceparams 24 5 2 0 0 1 0.5 1 1
*automesh 24 5 2
*set_meshfaceparams 25 2 2 0 0 1 0.5 1 1
*automesh 25 2 2
*set_meshfaceparams 26 2 2 0 0 1 0.5 1 1
*automesh 26 2 2
*set_meshfaceparams 27 2 2 0 0 1 0.5 1 1
*automesh 27 2 2
*set_meshfaceparams 28 2 2 0 0 1 0.5 1 1
*automesh 28 2 2
*set_meshfaceparams 29 2 2 0 0 1 0.5 1 1
*automesh 29 2 2
*set_meshfaceparams 30 2 2 0 0 1 0.5 1 1
*automesh 30 2 2
*set_meshfaceparams 31 2 2 0 0 1 0.5 1 1
*automesh 31 2 2
*storemeshtodatabase 1
*ameshclearsurface 
*endnotehistorystate {Automesh surfaces}
*window 2 -2 0 0 0
*window 2 -2 0 0 0
*window 2 -2 0 0 0
*window 2 -2 0 0 0
*window 2 -2 0 0 0
*window 2 -2 0 0 0
*window 2 -2 0 0 0
*window 2 -2 0 0 0
*window 3 816.763089 333.646238 2016.12185 880.91811
*createmark loads 1 1
*deletemark loads 1
*createmark elements 1 304881
*deletemark elements 1
*view "front"
hm_answernext yes
*writefile "C:/Users/raghe/Google Drive (s265776polito@gmail.com)/M2/Spring/Car Body Design & Aerodynamics/Car Body Design/Exercise/Exercise 2/CoLo/Hyp/CoLoHYP.hm" 1
*startnotehistorystate {Hide Components "CoLo"}
*createmark components 3 "CoLo"
*createstringarray 2 "elements_off" "geometry_on"
*hideentitybymark 3 1 2
*endnotehistorystate {Hide Components "CoLo"}
*viewset -3.49148134e-15 -0 -1 0 -1 -3.49148134e-15 3.49148134e-15 0 -3.49148134e-15 1 1.21904419e-29 0 0 0 0 1 -1680 -56.65 80 56.65
*viewset -3.49148134e-15 -0 -1 0 -1 -3.49148134e-15 3.49148134e-15 0 -3.49148134e-15 1 1.21904419e-29 0 0 0 0 1 -1680 -56.65 80 56.65
*viewset -3.49148134e-15 -0 -1 0 -1 -3.49148134e-15 3.49148134e-15 0 -3.49148134e-15 1 1.21904419e-29 0 0 0 0 1 -1680 -56.65 80 56.65
*window 3 -1694.20565 -68.7106017 -1412.38461 59.8853868
*viewset -3.49148134e-15 -0 -1 0 -1 -3.49148134e-15 3.49148134e-15 0 -3.49148134e-15 1 1.21904419e-29 0 0 0 0 1 -1694.20565 -68.7106017 -1412.38461 59.8853868
*window 3 -1603.8252 -3.90791362 -1530.82603 29.4018793
*view "front"
